1101111111101111111101011110100111110011100011111011101110101111101111111110111111101011011101000111
0110101000110010100101110011111101011110110110100110101011101001001000100010101000111101110011101101
0011001011011011011101001100001010101011001100011101101001001101111011101011011011000110101010111011
0101011101101110110011111001101111110101111000010011011101110110101010011101101010111010111011001010
1101010110110010100110001011011010011100001100111101110010101101011010110011011011101010100101101011
1001101101100110101101101110110101010011110011101000101110111011101010100110010101011010101111001010
1110110111001101101010110010101111011110010110001101011011000110101010111101110111010110111000111011
1010011000111011000011011111011001100001011101110111101100111101101010000111011010001010100111100101
1011101110100010101110001001110101011111101011011000100110100010101011111001100011011110110100001111
1100000010101110111011011010101101110010110110101011111101101010100110001101011101110000001101111000
0111101011101001100001010111010110001101101101111000001011011110111011110100110110100110111010101011
1100111100001111011011001101110101101011011011000111101010001001001000001111101010101101100111011101
1000001011110000101101101010101110111110110101111100110111011111101111110100011010101011011101100111
1000111110010111100110111010101001101001101100010011010101010010010000010101110010111110101010111001
1101100001111010111101000110101001000111010111101110010101000011111111010111001110010001110110101011
1011011110100011000111111100101111100100111010110101110101110110000101010010111011001111011011101110
1010101011011110111010000101101001011101100111011110101011010101111011011101100110111000010010010000
1010111001001001101011111001011110110011001101100101101110110110101101101011010101100111110111111110
1011010101111011011100001111010100101110011010111001010000101010101011001001011101011100000010100011
1101010100100100010101110000111011100100110111001011011111101101101110011101010101100111110111011101
1011010111010111100101011110000110011101101101111010001000010111010100110111001110111000010010110110
1010110101111010101101100011111101110101000100101011011011011101110011101000111011001011011100100011
1010101100101110101011011100101011011011000110110101110101110001011010011111010001101010100111100101
1010110110110001101101001010110001000110101010001110001101001111010111010001100000101111111000011111
1011011011011110110101101111010001110101111011111010111001101001101100110110110001110001010111010001
1010101000110011011101011010011011011110010000010011001110101001011010101101011011001110110101110111
0111101111011001001001100111101100110010111011100101111001101110110010101011101000011011100101010100
0100100001101101101110110101010101101111101110111110100101000011100110101110101111110100011100101101
1111011100110110100101101101010101011000010010000010111111001100001101100001110100001111010011101011
1001010111101010111011011001110110110111111101111011000100111011111011011110101011101000110110101101
1011011000011011001110110111011011000100001011001010111001101101010110110010111101011011100100101011
1101101011001101110001011010000101111101101101101010101111010110111011011010010111110010011101101101
0101001101101010010111101101011110010011011010101011100101111011100110101011101100101110110010000101
1100111010111110110101010111010011101110110110101001011110000101011100111000100001101001100111100111
0111101011100011101101111010111010111001101100101110110101111110110011100110111111011110111100111001
1101000110111101010110101111101011001101010111110011001011001011100110010101010001100100000010101101
1011101101000011111001110000101101010101111100001101111110110101011100111111101110110110111111000111
1101011011111100001110101111011001111010000011110110000101101110110011100000011011010101101001101100
0110110110010101110010011001101110100111111001010011111010111011010001011111110010110101000111011001
1010100010010110011011110110110010111100001111011010001111100101011011010000001110101111101100101111
1011010111101011101110001011011101001011110010101110111000011101001010110111101001101000101011110101
1101111000101110110001111101001011111010011101100001100111110101111011010101001111010111011010011001
1010001110110000011111000101101110010110100101011101010100001101000110110101110000111100110101101111
1111110011011110100000010100100101110101111101010101011101101010111011101011011111100011101110111010
0100100010110010111111110110111100001110100001010101101011011011101010111110110001011110011011010111
1101110110011011010101010010101011110010101111010110101001110010011101001011001110110101010001101101
1011010101110101101101101110100110011110101000011011101110101110100101111001101011100011111011011011
1100010110001111001010101001011100100100101011101010010101111001110101010110101010110010001101010010
1011101011111000111011101011110011111011101110101101010110000111010110110011001011001111110001101110
1110111100000111010110011110101110100010011010110101111011110100110011011110111001101000101110101001
1001100101111101110101100001001011011110110110101101010100011111011101100010100111011111011011101101
1010101110101000000110111101111001110001101001101001101111101010100110111010111010110010110110010101
1010100010101101111011001011000110101111011111001110101000101001111101001101101101101001101001110111
1110111101110110101101101010111011011000110101011011101011100111001011010110010110101101001111011001
0011000111011010100111011011001110110111001101101100001010011100110010111010111101110111011010110111
1101111010010110111010110001101011101101001010001011111011010011011111100110101001001100010101101001
0110101101110101001010101010101000011011111011111010000101011101110101011101110111011011111101001111
1100100110001101111101111110101111101000001101010010111101010110010110110011001100110110000011011000
1011111001110110100101000010100000101111110011101110100111010011101010101101111001010100111110110111
1110010111011011010111011110111111010010011010101000111010111100101110110111000111010101101011010101
0001101100001001111010010001010001011100110110101011001101100110100100011010111100111011011001010011
1111011011001110101101110111101101010101101011011001110110101010110100101011010011100110101110011010
1010110101110010101011001100111011010111011101101101011011011101010111101010110110011100110101110111
1011101111011110011001010011100110110100110111010110110101010101111001011011101101110011101101001101
1010001010100101010111011010011101101011101101111010101101110110010111010110101011001110010101111011
1001110110101011110100101111100110111110001010101010111010000011110101011011011010110100111101000110
1101011010111101010110101000111011000001110111000110101111110110001101101101101011010111101010111010
0111010111010110110010111111001101011101011101001101110101011001110110110110101001111010110111101011
1101010100110011101010010010111011110111000011111010101110101110101100000101101110101101011010001101
1000110111101100011011101110101101001000111100100110110011101011111010111101011011010101101101111011
1000101010011011101100101001100110111111010111011011101110011000001011101010110001011101010111010110
1101101001101110111011101001011101100001011001001110011001110111110110010111101011101011110001101101
0101011111011011001101000111010011011101101101101011101110001101010011011010011110011001001111011011
1101100100110001110101001100110110010110110110110100110011111011011101101101010100110111111000010110
1000101111101011010101110111011011111011011101101100101100100110110110110111110011101000101011110101
1101101010011101101110010100110110101010000001011011100111011000101101010001001110101111000010001111
0011010111010101011011011101101100010111011111001110011101110111001011011101011000101001101110110101
1110110101010101010100101000101010111001010100111001110110100101111110110101101011101101011000101110
1011011101010110110111110101101110101001101110100111000011011110100001010111011100011011001011101011
1100100110110101100101001111000101101110110101101001010010110101011111101001101011110101111001001101
0111111011010100111101011000101011010011101101011111011110101111010000111110011010001100010111111001
1100001100010110010011010110111110111100011001100100110010110101010111001011110111110111101000010111
1011110101111011101110111010101000010011101010101101011100011010110101101101011010101001011111101101
1000100101001000101011010110101010111110001010111001010110110111011101011010101011011111110000111011
1111101101110111101101011011101011100101111011000111011010101101100100110111111101010000101111010110
0000101011001100110110101101011010010101000101111100110001101000111110101001010101011111010101101011
1110101110111011001011100101010111010111011111010011101011011101010010111110111001010001011110111101
0101100001100101111010111101011001011000000001011110011010010011100010101010100111010101101011000101
1111011101001110101011000010101101110111011110010101101011110110110111011011011100110110101101111011
1000110101110100101001011111101010010101110011101110101100101101011010110001010101011101100110010110
1111010010010111110111001000111010111011001100110011110111010111101101101011011011100000110101111011
0010111111011010001100101011000111101110100111011101010101110001001011011010101110111100010011010110
1010010101001011111000111001110101010010111101100110111100011101011010010111110001010110111101010101
1011101110111010010101100111001110111101101000011010101011100011010011110101011101101011000101100101
1010110010100111101111010100111001101011011101110111000110111110111101001100100110111001011100111101
1100010110110100101001011101100111011000110111011101101101010001010110111011110011001111010011101011
0110011101011001111010110111001101101111000010110110111011101111101010100110011010111010010100110101
1011100101101110010111001100011000101001110111001011010110111000111011110101101001100101110111010111
1101011110110011001101110011110101110110011000111000100101000011001100000100101101011111001101010101
0111110011100001111011011110101111011100001111101111111111111110000111111111110111110010111011111101
